 -0.0000000e+000
 -2.7755576e-017
  3.8857806e-016
 -2.6367797e-016
 -1.1102230e-016
 -8.1532003e-017
 -1.0755286e-016
 -2.1510571e-016
 -9.8879238e-017
 -5.7245875e-017
  6.9388939e-017
  7.6327833e-017
  8.6736174e-019
  2.8622937e-017
  2.1684043e-017
  1.7780916e-017
  2.1467203e-017
  5.9847960e-017
  1.0842022e-017
 -5.6378513e-018
 -0.0000000e+000
 -0.0000000e+000
  2.6564211e-001
  2.0668951e-001
  1.6077148e-001
  1.2702645e-001
  1.0229934e-001
  8.3597300e-002
  6.9020583e-002
  5.7366843e-002
  4.7856085e-002
  3.9963123e-002
  3.3320142e-002
  2.7659311e-002
  2.2778182e-002
  1.8518246e-002
  1.4751230e-002
  1.1370050e-002
  8.2826009e-003
  5.4073057e-003
  2.6697537e-003
 -0.0000000e+000
  1.0000000e+000
  5.2020584e-001
  3.9824156e-001
  3.0865512e-001
  2.4555918e-001
  1.9892651e-001
  1.6328528e-001
  1.3524668e-001
  1.1266856e-001
  9.4142835e-002
  7.8707317e-002
  6.5678608e-002
  5.4552781e-002
  4.4944775e-002
  3.6550342e-002
  2.9121437e-002
  2.2449767e-002
  1.6355367e-002
  1.0678317e-002
  5.2724067e-003
 -0.0000000e+000
  1.0000000e+000
  7.4170371e-001
  5.4936984e-001
  4.3289485e-001
  3.4868812e-001
  2.8521154e-001
  2.3574491e-001
  1.9623540e-001
  1.6405454e-001
  1.3742556e-001
  1.1510065e-001
  9.6171534e-002
  7.9954000e-002
  6.5915694e-002
  5.3629643e-002
  4.2743529e-002
  3.2958690e-002
  2.4015228e-002
  1.5680977e-002
  7.7428997e-003
 -0.0000000e+000
  1.0000000e+000
  8.1320245e-001
  6.5260995e-001
  5.2744526e-001
  4.3258977e-001
  3.5822269e-001
  2.9867587e-001
  2.5015529e-001
  2.1005203e-001
  1.7650996e-001
  1.4816854e-001
  1.2400086e-001
  1.0320951e-001
  8.5158238e-002
  6.9326261e-002
  5.5276868e-002
  4.2635226e-002
  3.1072099e-002
  2.0291384e-002
  1.0020113e-002
 -0.0000000e+000
  1.0000000e+000
  8.4978079e-001
  7.1215531e-001
  5.9432742e-001
  4.9692680e-001
  4.1700147e-001
  3.5094305e-001
  2.9589262e-001
  2.4964388e-001
  2.1049902e-001
  1.7713548e-001
  1.4850526e-001
  1.2376194e-001
  1.0220856e-001
  8.3260303e-002
  6.6417254e-002
  5.1244036e-002
  3.7354106e-002
  2.4397143e-002
  1.2048502e-002
 -0.0000000e+000
  1.0000000e+000
  8.7103536e-001
  7.4924322e-001
  6.3959801e-001
  5.4405109e-001
  4.6217865e-001
  3.9242386e-001
  3.3299395e-001
  2.8225307e-001
  2.3879514e-001
  2.0143403e-001
  1.6917102e-001
  1.4116071e-001
  1.1668132e-001
  9.5110169e-002
  7.5903759e-002
  5.8581413e-002
  4.2711563e-002
  2.7899984e-002
  1.3779395e-002
 -0.0000000e+000
  1.0000000e+000
  8.8415972e-001
  7.7294387e-001
  6.6994525e-001
  5.7719114e-001
  4.9523998e-001
  4.2365185e-001
  3.6148928e-001
  3.0765396e-001
  2.6105669e-001
  2.2068497e-001
  1.8562465e-001
  1.5506110e-001
  1.2827185e-001
  1.0461594e-001
  8.3522360e-002
  6.4478592e-002
  4.7019631e-002
  3.0717600e-002
  1.5171931e-002
 -0.0000000e+000
  1.0000000e+000
  8.9223863e-001
  7.8781666e-001
  6.8951412e-001
  5.9920387e-001
  5.1779812e-001
  4.4542128e-001
  3.8166968e-001
  3.2584660e-001
  2.7712729e-001
  2.3465845e-001
  1.9761251e-001
  1.6521443e-001
  1.3675234e-001
  1.1157881e-001
  8.9106916e-002
  6.8803279e-002
  5.0179819e-002
  3.2784797e-002
  1.6193676e-002
 -0.0000000e+000
  1.0000000e+000
  8.9676146e-001
  7.9622736e-001
  7.0074285e-001
  6.1204196e-001
  5.3115752e-001
  4.5847734e-001
  3.9388647e-001
  3.3693066e-001
  2.8695878e-001
  2.4322818e-001
  2.0497452e-001
  1.7145379e-001
  1.4196468e-001
  1.1585806e-001
  9.2538361e-002
  7.1459915e-002
  5.2120635e-002
  3.4054108e-002
  1.6820974e-002
 -0.0000000e+000
  1.0000000e+000
  8.9844553e-001
  7.9936352e-001
  7.0493611e-001
  6.1683920e-001
  5.3614393e-001
  4.6333450e-001
  3.9840724e-001
  3.4100443e-001
  2.9054483e-001
  2.4632982e-001
  2.0761921e-001
  1.7367979e-001
  1.4381286e-001
  1.1736734e-001
  9.3743215e-002
  7.2389346e-002
  5.2797747e-002
  3.4496073e-002
  1.7039139e-002
 -0.0000000e+000
  1.0000000e+000
  8.9755065e-001
  7.9766127e-001
  7.0258291e-001
  6.1402977e-001
  5.3307851e-001
  4.6019261e-001
  3.9533237e-001
  3.3809953e-001
  2.8787554e-001
  2.4393168e-001
  2.0550580e-001
  1.7185013e-001
  1.4225729e-001
  1.1607183e-001
  9.2692391e-002
  7.1568479e-002
  5.2194026e-002
  3.4099394e-002
  1.6842561e-002
 -0.0000000e+000
  1.0000000e+000
  8.9398222e-001
  7.9095269e-001
  6.9347655e-001
  6.0340421e-001
  5.2177677e-001
  4.4890712e-001
  3.8456046e-001
  3.2815307e-001
  2.7891829e-001
  2.3602268e-001
  1.9863723e-001
  1.6597590e-001
  1.3731295e-001
  1.1198754e-001
  8.9401020e-002
  6.9010365e-002
  5.0319719e-002
  3.2871086e-002
  1.6234799e-002
 -0.0000000e+000
  1.0000000e+000
  8.8726660e-001
  7.7842651e-001
  6.7667477e-001
  5.8408023e-001
  5.0153418e-001
  4.2898751e-001
  3.6579457e-001
  3.1101688e-001
  2.6362691e-001
  2.2262007e-001
  1.8706594e-001
  1.5612563e-001
  1.2905219e-001
  1.0518310e-001
  8.3929570e-002
  6.4764882e-002
  4.7212836e-002
  3.0836687e-002
  1.5228664e-002
 -0.0000000e+000
  1.0000000e+000
  8.7638632e-001
  7.5838509e-001
  6.5028786e-001
  5.5438505e-001
  4.7110241e-001
  3.9963016e-001
  3.3859441e-001
  2.8650695e-001
  2.4198041e-001
  2.0379689e-001
  1.7091221e-001
  1.4243693e-001
  1.1761172e-001
  9.5783760e-002
  7.6386053e-002
  5.8919838e-002
  4.2939654e-002
  2.8040456e-002
  1.3846284e-002
 -0.0000000e+000
  1.0000000e+000
  8.5935490e-001
  7.2765747e-001
  6.1102632e-001
  5.1166745e-001
  4.2870722e-001
  3.5982745e-001
  3.0249352e-001
  2.5449822e-001
  2.1405066e-001
  1.7972674e-001
  1.5039219e-001
  1.2513327e-001
  1.0320225e-001
  8.3976622e-002
  6.6928579e-002
  5.1602069e-002
  3.7595063e-002
  2.4545401e-002
  1.2119062e-002
 -0.0000000e+000
  1.0000000e+000
  8.3214768e-001
  6.8026262e-001
  5.5340894e-001
  4.5215605e-001
  3.7226575e-001
  3.0862345e-001
  2.5720266e-001
  2.1506489e-001
  1.8009228e-001
  1.5073886e-001
  1.2585039e-001
  1.0454228e-001
  8.6118160e-002
  7.0015261e-002
  5.5767197e-002
  4.2977829e-002
  3.1302338e-002
  2.0432916e-002
  1.0087437e-002
 -0.0000000e+000
  1.0000000e+000
  7.8555190e-001
  6.0435456e-001
  4.6859918e-001
  3.7154790e-001
  3.0002562e-001
  2.4557086e-001
  2.0289449e-001
  1.6864844e-001
  1.4063888e-001
  1.1737157e-001
  9.7788151e-002
  8.1110055e-002
  6.6743806e-002
  5.4221735e-002
  4.3163740e-002
  3.3251739e-002
  2.4211910e-002
  1.5801779e-002
  7.8003356e-003
 -0.0000000e+000
  1.0000000e+000
  6.9479571e-001
  4.7285466e-001
  3.4721576e-001
  2.6699300e-001
  2.1171888e-001
  1.7132910e-001
  1.4050690e-001
  1.1620962e-001
  9.6577778e-002
  8.0407566e-002
  6.6878697e-002
  5.5405783e-002
  4.5553169e-002
  3.6984003e-002
  2.9428542e-002
  2.2663612e-002
  1.6498743e-002
  1.0766321e-002
  5.3142328e-003
 -0.0000000e+000
  1.0000000e+000
  4.2925055e-001
  2.6635403e-001
  1.8671557e-001
  1.4030714e-001
  1.0981394e-001
  8.8163439e-002
  7.1938698e-002
  5.9300528e-002
  4.9171235e-002
  4.0874389e-002
  3.3959833e-002
  2.8112226e-002
  2.3100325e-002
  1.8747417e-002
  1.4913296e-002
  1.1482792e-002
  8.3581399e-003
  5.4536515e-003
  2.6917757e-003
 -0.0000000e+000
 -0.0000000e+000
 -0.0000000e+000
 -0.0000000e+000
 -0.0000000e+000
  0.0000000e+000
 -0.0000000e+000
 -0.0000000e+000
 -0.0000000e+000
 -0.0000000e+000
 -0.0000000e+000
 -0.0000000e+000
 -0.0000000e+000
 -0.0000000e+000
 -0.0000000e+000
 -0.0000000e+000
 -0.0000000e+000
 -0.0000000e+000
 -0.0000000e+000
 -0.0000000e+000
 -0.0000000e+000
 -0.0000000e+000
